40
0
0 0 0.75
1 1 0.75
2 2 0.75
3 3 0.75
4 4 0.75
5 5 0.75
6 6 0.75
7 7 0.75
8 8 0.75
9 9 0.75
10 10 0.75
11 11 0.75
12 12 0.75
13 13 0.75
14 14 0.75
15 15 0.75
16 16 0.75
17 17 0.75
18 18 0.75
19 19 0.75
20 20 0.75
21 21 0.75
22 22 0.75
23 23 0.75
24 24 0.75
25 25 0.75
26 26 0.75
27 27 0.75
28 28 0.75
29 29 0.75
30 30 0.75
31 31 0.75
32 32 0.75
33 33 0.75
34 34 0.75
35 35 0.75
36 36 0.75
37 37 0.75
38 38 0.75
39 39 0.75
40 0 0.25
40 40 0.75
41 1 0.25
41 41 0.75
42 2 0.25
42 42 0.75
43 3 0.25
43 43 0.75
44 4 0.25
44 44 0.75
45 5 0.25
45 45 0.75
46 6 0.25
46 46 0.75
47 7 0.25
47 47 0.75
48 8 0.25
48 48 0.75
49 9 0.25
49 49 0.75
50 10 0.25
50 50 0.75
51 11 0.25
51 51 0.75
52 12 0.25
52 52 0.75
53 13 0.25
53 53 0.75
54 14 0.25
54 54 0.75
55 15 0.25
55 55 0.75
56 16 0.25
56 56 0.75
57 17 0.25
57 57 0.75
58 18 0.25
58 58 0.75
59 19 0.25
59 59 0.75
60 20 0.25
60 60 0.75
61 21 0.25
61 61 0.75
62 22 0.25
62 62 0.75
63 23 0.25
63 63 0.75
64 24 0.25
64 64 0.75
65 25 0.25
65 65 0.75
66 26 0.25
66 66 0.75
67 27 0.25
67 67 0.75
68 28 0.25
68 68 0.75
69 29 0.25
69 69 0.75
70 30 0.25
70 70 0.75
71 31 0.25
71 71 0.75
72 32 0.25
72 72 0.75
73 33 0.25
73 73 0.75
74 34 0.25
74 74 0.75
75 35 0.25
75 75 0.75
76 36 0.25
76 76 0.75
77 37 0.25
77 77 0.75
78 38 0.25
78 78 0.75
79 39 0.25
79 79 0.75
80 40 0.25
80 80 0.75
81 41 0.25
81 81 0.75
82 42 0.25
82 82 0.75
83 43 0.25
83 83 0.75
84 44 0.25
84 84 0.75
85 45 0.25
85 85 0.75
86 46 0.25
86 86 0.75
87 47 0.25
87 87 0.75
88 48 0.25
88 88 0.75
89 49 0.25
89 89 0.75
90 50 0.25
90 90 0.75
91 51 0.25
91 91 0.75
92 52 0.25
92 92 0.75
93 53 0.25
93 93 0.75
94 54 0.25
94 94 0.75
95 55 0.25
95 95 0.75
96 56 0.25
96 96 0.75
97 57 0.25
97 97 0.75
98 58 0.25
98 98 0.75
99 59 0.25
99 99 0.75
100 60 0.25
100 100 0.75
101 61 0.25
101 101 0.75
102 62 0.25
102 102 0.75
103 63 0.25
103 103 0.75
104 64 0.25
104 104 0.75
105 65 0.25
105 105 0.75
106 66 0.25
106 106 0.75
107 67 0.25
107 107 0.75
108 68 0.25
108 108 0.75
109 69 0.25
109 109 0.75
110 70 0.25
110 110 0.75
111 71 0.25
111 111 0.75
112 72 0.25
112 112 0.75
113 73 0.25
113 113 0.75
114 74 0.25
114 114 0.75
115 75 0.25
115 115 0.75
116 76 0.25
116 116 0.75
117 77 0.25
117 117 0.75
118 78 0.25
118 118 0.75
119 79 0.25
119 119 0.75
120 80 0.25
120 120 0.75
121 81 0.25
121 121 0.75
122 82 0.25
122 122 0.75
123 83 0.25
123 123 0.75
124 84 0.25
124 124 0.75
125 85 0.25
125 125 0.75
126 86 0.25
126 126 0.75
127 87 0.25
127 127 0.75
128 88 0.25
128 128 0.75
129 89 0.25
129 129 0.75
130 90 0.25
130 130 0.75
131 91 0.25
131 131 0.75
132 92 0.25
132 132 0.75
133 93 0.25
133 133 0.75
134 94 0.25
134 134 0.75
135 95 0.25
135 135 0.75
136 96 0.25
136 136 0.75
137 97 0.25
137 137 0.75
138 98 0.25
138 138 0.75
139 99 0.25
139 139 0.75
140 100 0.25
140 140 0.75
141 101 0.25
141 141 0.75
142 102 0.25
142 142 0.75
143 103 0.25
143 143 0.75
144 104 0.25
144 144 0.75
145 105 0.25
145 145 0.75
146 106 0.25
146 146 0.75
147 107 0.25
147 147 0.75
148 108 0.25
148 148 0.75
149 109 0.25
149 149 0.75
150 110 0.25
150 150 0.75
151 111 0.25
151 151 0.75
152 112 0.25
152 152 0.75
153 113 0.25
153 153 0.75
154 114 0.25
154 154 0.75
155 115 0.25
155 155 0.75
156 116 0.25
156 156 0.75
157 117 0.25
157 157 0.75
158 118 0.25
158 158 0.75
159 119 0.25
159 159 0.75
160 120 0.25
160 160 0.75
161 121 0.25
161 161 0.75
162 122 0.25
162 162 0.75
163 123 0.25
163 163 0.75
164 124 0.25
164 164 0.75
165 125 0.25
165 165 0.75
166 126 0.25
166 166 0.75
167 127 0.25
167 167 0.75
168 128 0.25
168 168 0.75
169 129 0.25
169 169 0.75
170 130 0.25
170 170 0.75
171 131 0.25
171 171 0.75
172 132 0.25
172 172 0.75
173 133 0.25
173 173 0.75
174 134 0.25
174 174 0.75
175 135 0.25
175 175 0.75
176 136 0.25
176 176 0.75
177 137 0.25
177 177 0.75
178 138 0.25
178 178 0.75
179 139 0.25
179 179 0.75
180 140 0.25
180 180 0.75
181 141 0.25
181 181 0.75
182 142 0.25
182 182 0.75
183 143 0.25
183 183 0.75
184 144 0.25
184 184 0.75
185 145 0.25
185 185 0.75
186 146 0.25
186 186 0.75
187 147 0.25
187 187 0.75
188 148 0.25
188 188 0.75
189 149 0.25
189 189 0.75
190 150 0.25
190 190 0.75
191 151 0.25
191 191 0.75
192 152 0.25
192 192 0.75
193 153 0.25
193 193 0.75
194 154 0.25
194 194 0.75
195 155 0.25
195 195 0.75
196 156 0.25
196 196 0.75
197 157 0.25
197 197 0.75
198 158 0.25
198 198 0.75
199 159 0.25
199 199 0.75
200 160 0.25
200 200 0.75
201 161 0.25
201 201 0.75
202 162 0.25
202 202 0.75
203 163 0.25
203 203 0.75
204 164 0.25
204 204 0.75
205 165 0.25
205 205 0.75
206 166 0.25
206 206 0.75
207 167 0.25
207 207 0.75
208 168 0.25
208 208 0.75
209 169 0.25
209 209 0.75
210 170 0.25
210 210 0.75
211 171 0.25
211 211 0.75
212 172 0.25
212 212 0.75
213 173 0.25
213 213 0.75
214 174 0.25
214 214 0.75
215 175 0.25
215 215 0.75
216 176 0.25
216 216 0.75
217 177 0.25
217 217 0.75
218 178 0.25
218 218 0.75
219 179 0.25
219 219 0.75
220 180 0.25
220 220 0.75
221 181 0.25
221 221 0.75
222 182 0.25
222 222 0.75
223 183 0.25
223 223 0.75
224 184 0.25
224 224 0.75
225 185 0.25
225 225 0.75
226 186 0.25
226 226 0.75
227 187 0.25
227 227 0.75
228 188 0.25
228 228 0.75
229 189 0.25
229 229 0.75
230 190 0.25
230 230 0.75
231 191 0.25
231 231 0.75
232 192 0.25
232 232 0.75
233 193 0.25
233 233 0.75
234 194 0.25
234 234 0.75
235 195 0.25
235 235 0.75
236 196 0.25
236 236 0.75
237 197 0.25
237 237 0.75
238 198 0.25
238 238 0.75
239 199 0.25
239 239 0.75
240 200 0.25
240 240 0.75
241 201 0.25
241 241 0.75
242 202 0.25
242 242 0.75
243 203 0.25
243 243 0.75
244 204 0.25
244 244 0.75
245 205 0.25
245 245 0.75
246 206 0.25
246 246 0.75
247 207 0.25
247 247 0.75
248 208 0.25
248 248 0.75
249 209 0.25
249 249 0.75
250 210 0.25
250 250 0.75
251 211 0.25
251 251 0.75
252 212 0.25
252 252 0.75
253 213 0.25
253 253 0.75
254 214 0.25
254 254 0.75
255 215 0.25
255 255 0.75
256 216 0.25
256 256 0.75
257 217 0.25
257 257 0.75
258 218 0.25
258 258 0.75
259 219 0.25
259 259 0.75
260 220 0.25
260 260 0.75
261 221 0.25
261 261 0.75
262 222 0.25
262 262 0.75
263 223 0.25
263 263 0.75
264 224 0.25
264 264 0.75
265 225 0.25
265 265 0.75
266 226 0.25
266 266 0.75
267 227 0.25
267 267 0.75
268 228 0.25
268 268 0.75
269 229 0.25
269 269 0.75
270 230 0.25
270 270 0.75
271 231 0.25
271 271 0.75
272 232 0.25
272 272 0.75
273 233 0.25
273 273 0.75
274 234 0.25
274 274 0.75
275 235 0.25
275 275 0.75
276 236 0.25
276 276 0.75
277 237 0.25
277 277 0.75
278 238 0.25
278 278 0.75
279 239 0.25
279 279 0.75
280 240 0.25
280 280 0.75
281 241 0.25
281 281 0.75
282 242 0.25
282 282 0.75
283 243 0.25
283 283 0.75
284 244 0.25
284 284 0.75
285 245 0.25
285 285 0.75
286 246 0.25
286 286 0.75
287 247 0.25
287 287 0.75
288 248 0.25
288 288 0.75
289 249 0.25
289 289 0.75
290 250 0.25
290 290 0.75
291 251 0.25
291 291 0.75
292 252 0.25
292 292 0.75
293 253 0.25
293 293 0.75
294 254 0.25
294 294 0.75
295 255 0.25
295 295 0.75
296 256 0.25
296 296 0.75
297 257 0.25
297 297 0.75
298 258 0.25
298 298 0.75
299 259 0.25
299 299 0.75
300 260 0.25
300 300 0.75
301 261 0.25
301 301 0.75
302 262 0.25
302 302 0.75
303 263 0.25
303 303 0.75
304 264 0.25
304 304 0.75
305 265 0.25
305 305 0.75
306 266 0.25
306 306 0.75
307 267 0.25
307 307 0.75
308 268 0.25
308 308 0.75
309 269 0.25
309 309 0.75
310 270 0.25
310 310 0.75
311 271 0.25
311 311 0.75
312 272 0.25
312 312 0.75
313 273 0.25
313 313 0.75
314 274 0.25
314 314 0.75
315 275 0.25
315 315 0.75
316 276 0.25
316 316 0.75
317 277 0.25
317 317 0.75
318 278 0.25
318 318 0.75
319 279 0.25
319 319 0.75
320 280 0.25
320 320 0.75
321 281 0.25
321 321 0.75
322 282 0.25
322 322 0.75
323 283 0.25
323 323 0.75
324 284 0.25
324 324 0.75
325 285 0.25
325 325 0.75
326 286 0.25
326 326 0.75
327 287 0.25
327 327 0.75
328 288 0.25
328 328 0.75
329 289 0.25
329 329 0.75
330 290 0.25
330 330 0.75
331 291 0.25
331 331 0.75
332 292 0.25
332 332 0.75
333 293 0.25
333 333 0.75
334 294 0.25
334 334 0.75
335 295 0.25
335 335 0.75
336 296 0.25
336 336 0.75
337 297 0.25
337 337 0.75
338 298 0.25
338 338 0.75
339 299 0.25
339 339 0.75
340 300 0.25
340 340 0.75
341 301 0.25
341 341 0.75
342 302 0.25
342 342 0.75
343 303 0.25
343 343 0.75
344 304 0.25
344 344 0.75
345 305 0.25
345 345 0.75
346 306 0.25
346 346 0.75
347 307 0.25
347 347 0.75
348 308 0.25
348 348 0.75
349 309 0.25
349 349 0.75
350 310 0.25
350 350 0.75
351 311 0.25
351 351 0.75
352 312 0.25
352 352 0.75
353 313 0.25
353 353 0.75
354 314 0.25
354 354 0.75
355 315 0.25
355 355 0.75
356 316 0.25
356 356 0.75
357 317 0.25
357 357 0.75
358 318 0.25
358 358 0.75
359 319 0.25
359 359 0.75
360 320 0.25
360 360 0.75
361 321 0.25
361 361 0.75
362 322 0.25
362 362 0.75
363 323 0.25
363 363 0.75
364 324 0.25
364 364 0.75
365 325 0.25
365 365 0.75
366 326 0.25
366 366 0.75
367 327 0.25
367 367 0.75
368 328 0.25
368 368 0.75
369 329 0.25
369 369 0.75
370 330 0.25
370 370 0.75
371 331 0.25
371 371 0.75
372 332 0.25
372 372 0.75
373 333 0.25
373 373 0.75
374 334 0.25
374 374 0.75
375 335 0.25
375 375 0.75
376 336 0.25
376 376 0.75
377 337 0.25
377 377 0.75
378 338 0.25
378 378 0.75
379 339 0.25
379 379 0.75
380 340 0.25
380 380 0.75
381 341 0.25
381 381 0.75
382 342 0.25
382 382 0.75
383 343 0.25
383 383 0.75
384 344 0.25
384 384 0.75
385 345 0.25
385 385 0.75
386 346 0.25
386 386 0.75
387 347 0.25
387 387 0.75
388 348 0.25
388 388 0.75
389 349 0.25
389 389 0.75
390 350 0.25
390 390 0.75
391 351 0.25
391 391 0.75
392 352 0.25
392 392 0.75
393 353 0.25
393 393 0.75
394 354 0.25
394 394 0.75
395 355 0.25
395 395 0.75
396 356 0.25
396 396 0.75
397 357 0.25
397 397 0.75
398 358 0.25
398 398 0.75
399 359 0.25
399 399 0.75
400 360 0.25
400 400 0.75
401 361 0.25
401 401 0.75
402 362 0.25
402 402 0.75
403 363 0.25
403 403 0.75
404 364 0.25
404 404 0.75
405 365 0.25
405 405 0.75
406 366 0.25
406 406 0.75
407 367 0.25
407 407 0.75
408 368 0.25
408 408 0.75
409 369 0.25
409 409 0.75
410 370 0.25
410 410 0.75
411 371 0.25
411 411 0.75
412 372 0.25
412 412 0.75
413 373 0.25
413 413 0.75
414 374 0.25
414 414 0.75
415 375 0.25
415 415 0.75
416 376 0.25
416 416 0.75
417 377 0.25
417 417 0.75
418 378 0.25
418 418 0.75
419 379 0.25
419 419 0.75
420 380 0.25
420 420 0.75
421 381 0.25
421 421 0.75
422 382 0.25
422 422 0.75
423 383 0.25
423 423 0.75
424 384 0.25
424 424 0.75
425 385 0.25
425 425 0.75
426 386 0.25
426 426 0.75
427 387 0.25
427 427 0.75
428 388 0.25
428 428 0.75
429 389 0.25
429 429 0.75
430 390 0.25
430 430 0.75
431 391 0.25
431 431 0.75
432 392 0.25
432 432 0.75
433 393 0.25
433 433 0.75
434 394 0.25
434 434 0.75
435 395 0.25
435 435 0.75
436 396 0.25
436 436 0.75
437 397 0.25
437 437 0.75
438 398 0.25
438 438 0.75
439 399 0.25
439 439 0.75
440 400 0.25
440 440 0.75
441 401 0.25
441 441 0.75
442 402 0.25
442 442 0.75
443 403 0.25
443 443 0.75
444 404 0.25
444 444 0.75
445 405 0.25
445 445 0.75
446 406 0.25
446 446 0.75
447 407 0.25
447 447 0.75
448 408 0.25
448 448 0.75
449 409 0.25
449 449 0.75
450 410 0.25
450 450 0.75
451 411 0.25
451 451 0.75
452 412 0.25
452 452 0.75
453 413 0.25
453 453 0.75
454 414 0.25
454 454 0.75
455 415 0.25
455 455 0.75
456 416 0.25
456 456 0.75
457 417 0.25
457 457 0.75
458 418 0.25
458 458 0.75
459 419 0.25
459 459 0.75
460 420 0.25
460 460 0.75
461 421 0.25
461 461 0.75
462 422 0.25
462 462 0.75
463 423 0.25
463 463 0.75
464 424 0.25
464 464 0.75
465 425 0.25
465 465 0.75
466 426 0.25
466 466 0.75
467 427 0.25
467 467 0.75
468 428 0.25
468 468 0.75
469 429 0.25
469 469 0.75
470 430 0.25
470 470 0.75
471 431 0.25
471 471 0.75
472 432 0.25
472 472 0.75
473 433 0.25
473 473 0.75
474 434 0.25
474 474 0.75
475 435 0.25
475 475 0.75
476 436 0.25
476 476 0.75
477 437 0.25
477 477 0.75
478 438 0.25
478 478 0.75
479 439 0.25
479 479 0.75
480 440 0.25
480 480 0.75
481 441 0.25
481 481 0.75
482 442 0.25
482 482 0.75
483 443 0.25
483 483 0.75
484 444 0.25
484 484 0.75
485 445 0.25
485 485 0.75
486 446 0.25
486 486 0.75
487 447 0.25
487 487 0.75
488 448 0.25
488 488 0.75
489 449 0.25
489 489 0.75
490 450 0.25
490 490 0.75
491 451 0.25
491 491 0.75
492 452 0.25
492 492 0.75
493 453 0.25
493 493 0.75
494 454 0.25
494 494 0.75
495 455 0.25
495 495 0.75
496 456 0.25
496 496 0.75
497 457 0.25
497 497 0.75
498 458 0.25
498 498 0.75
499 459 0.25
499 499 0.75
500 460 0.25
500 500 0.75
501 461 0.25
501 501 0.75
502 462 0.25
502 502 0.75
503 463 0.25
503 503 0.75
504 464 0.25
504 504 0.75
505 465 0.25
505 505 0.75
506 466 0.25
506 506 0.75
507 467 0.25
507 507 0.75
508 468 0.25
508 508 0.75
509 469 0.25
509 509 0.75
510 470 0.25
510 510 0.75
511 471 0.25
511 511 0.75
512 472 0.25
512 512 0.75
513 473 0.25
513 513 0.75
514 474 0.25
514 514 0.75
515 475 0.25
515 515 0.75
516 476 0.25
516 516 0.75
517 477 0.25
517 517 0.75
518 478 0.25
518 518 0.75
519 479 0.25
519 519 0.75
520 480 0.25
520 520 0.75
521 481 0.25
521 521 0.75
522 482 0.25
522 522 0.75
523 483 0.25
523 523 0.75
524 484 0.25
524 524 0.75
525 485 0.25
525 525 0.75
526 486 0.25
526 526 0.75
527 487 0.25
527 527 0.75
528 488 0.25
528 528 0.75
529 489 0.25
529 529 0.75
530 490 0.25
530 530 0.75
531 491 0.25
531 531 0.75
532 492 0.25
532 532 0.75
533 493 0.25
533 533 0.75
534 494 0.25
534 534 0.75
535 495 0.25
535 535 0.75
536 496 0.25
536 536 0.75
537 497 0.25
537 537 0.75
538 498 0.25
538 538 0.75
539 499 0.25
539 539 0.75
540 500 0.25
540 540 0.75
541 501 0.25
541 541 0.75
542 502 0.25
542 542 0.75
543 503 0.25
543 543 0.75
544 504 0.25
544 544 0.75
545 505 0.25
545 545 0.75
546 506 0.25
546 546 0.75
547 507 0.25
547 547 0.75
548 508 0.25
548 548 0.75
549 509 0.25
549 549 0.75
550 510 0.25
550 550 0.75
551 511 0.25
551 551 0.75
552 512 0.25
552 552 0.75
553 513 0.25
553 553 0.75
554 514 0.25
554 554 0.75
555 515 0.25
555 555 0.75
556 516 0.25
556 556 0.75
557 517 0.25
557 557 0.75
558 518 0.25
558 558 0.75
559 519 0.25
559 559 0.75
560 520 0.25
560 560 0.75
561 521 0.25
561 561 0.75
562 522 0.25
562 562 0.75
563 523 0.25
563 563 0.75
564 524 0.25
564 564 0.75
565 525 0.25
565 565 0.75
566 526 0.25
566 566 0.75
567 527 0.25
567 567 0.75
568 528 0.25
568 568 0.75
569 529 0.25
569 569 0.75
570 530 0.25
570 570 0.75
571 531 0.25
571 571 0.75
572 532 0.25
572 572 0.75
573 533 0.25
573 573 0.75
574 534 0.25
574 574 0.75
575 535 0.25
575 575 0.75
576 536 0.25
576 576 0.75
577 537 0.25
577 577 0.75
578 538 0.25
578 578 0.75
579 539 0.25
579 579 0.75
580 540 0.25
580 580 0.75
581 541 0.25
581 581 0.75
582 542 0.25
582 582 0.75
583 543 0.25
583 583 0.75
584 544 0.25
584 584 0.75
585 545 0.25
585 585 0.75
586 546 0.25
586 586 0.75
587 547 0.25
587 587 0.75
588 548 0.25
588 588 0.75
589 549 0.25
589 589 0.75
590 550 0.25
590 590 0.75
591 551 0.25
591 591 0.75
592 552 0.25
592 592 0.75
593 553 0.25
593 593 0.75
594 554 0.25
594 594 0.75
595 555 0.25
595 595 0.75
596 556 0.25
596 596 0.75
597 557 0.25
597 597 0.75
598 558 0.25
598 598 0.75
599 559 0.25
599 599 0.75
600 560 0.25
600 600 0.75
601 561 0.25
601 601 0.75
602 562 0.25
602 602 0.75
603 563 0.25
603 603 0.75
604 564 0.25
604 604 0.75
605 565 0.25
605 605 0.75
606 566 0.25
606 606 0.75
607 567 0.25
607 607 0.75
608 568 0.25
608 608 0.75
609 569 0.25
609 609 0.75
610 570 0.25
610 610 0.75
611 571 0.25
611 611 0.75
612 572 0.25
612 612 0.75
613 573 0.25
613 613 0.75
614 574 0.25
614 614 0.75
615 575 0.25
615 615 0.75
616 576 0.25
616 616 0.75
617 577 0.25
617 617 0.75
618 578 0.25
618 618 0.75
619 579 0.25
619 619 0.75
620 580 0.25
620 620 0.75
621 581 0.25
621 621 0.75
622 582 0.25
622 622 0.75
623 583 0.25
623 623 0.75
624 584 0.25
624 624 0.75
625 585 0.25
625 625 0.75
626 586 0.25
626 626 0.75
627 587 0.25
627 627 0.75
628 588 0.25
628 628 0.75
629 589 0.25
629 629 0.75
630 590 0.25
630 630 0.75
631 591 0.25
631 631 0.75
632 592 0.25
632 632 0.75
633 593 0.25
633 633 0.75
634 594 0.25
634 634 0.75
635 595 0.25
635 635 0.75
636 596 0.25
636 636 0.75
637 597 0.25
637 637 0.75
638 598 0.25
638 638 0.75
639 599 0.25
639 639 0.75
640 600 0.25
640 640 0.75
641 601 0.25
641 641 0.75
642 602 0.25
642 642 0.75
643 603 0.25
643 643 0.75
644 604 0.25
644 644 0.75
645 605 0.25
645 645 0.75
646 606 0.25
646 646 0.75
647 607 0.25
647 647 0.75
648 608 0.25
648 648 0.75
649 609 0.25
649 649 0.75
650 610 0.25
650 650 0.75
651 611 0.25
651 651 0.75
652 612 0.25
652 652 0.75
653 613 0.25
653 653 0.75
654 614 0.25
654 654 0.75
655 615 0.25
655 655 0.75
656 616 0.25
656 656 0.75
657 617 0.25
657 657 0.75
658 618 0.25
658 658 0.75
659 619 0.25
659 659 0.75
660 620 0.25
660 660 0.75
661 621 0.25
661 661 0.75
662 622 0.25
662 662 0.75
663 623 0.25
663 663 0.75
664 624 0.25
664 664 0.75
665 625 0.25
665 665 0.75
666 626 0.25
666 666 0.75
667 627 0.25
667 667 0.75
668 628 0.25
668 668 0.75
669 629 0.25
669 669 0.75
670 630 0.25
670 670 0.75
671 631 0.25
671 671 0.75
672 632 0.25
672 672 0.75
673 633 0.25
673 673 0.75
674 634 0.25
674 674 0.75
675 635 0.25
675 675 0.75
676 636 0.25
676 676 0.75
677 637 0.25
677 677 0.75
678 638 0.25
678 678 0.75
679 639 0.25
679 679 0.75
680 640 0.25
680 680 0.75
681 641 0.25
681 681 0.75
682 642 0.25
682 682 0.75
683 643 0.25
683 683 0.75
684 644 0.25
684 684 0.75
685 645 0.25
685 685 0.75
686 646 0.25
686 686 0.75
687 647 0.25
687 687 0.75
688 648 0.25
688 688 0.75
689 649 0.25
689 689 0.75
690 650 0.25
690 690 0.75
691 651 0.25
691 691 0.75
692 652 0.25
692 692 0.75
693 653 0.25
693 693 0.75
694 654 0.25
694 694 0.75
695 655 0.25
695 695 0.75
696 656 0.25
696 696 0.75
697 657 0.25
697 697 0.75
698 658 0.25
698 698 0.75
699 659 0.25
699 699 0.75
700 660 0.25
700 700 0.75
701 661 0.25
701 701 0.75
702 662 0.25
702 702 0.75
703 663 0.25
703 703 0.75
704 664 0.25
704 704 0.75
705 665 0.25
705 705 0.75
706 666 0.25
706 706 0.75
707 667 0.25
707 707 0.75
708 668 0.25
708 708 0.75
709 669 0.25
709 709 0.75
710 670 0.25
710 710 0.75
711 671 0.25
711 711 0.75
712 672 0.25
712 712 0.75
713 673 0.25
713 713 0.75
714 674 0.25
714 714 0.75
715 675 0.25
715 715 0.75
716 676 0.25
716 716 0.75
717 677 0.25
717 717 0.75
718 678 0.25
718 718 0.75
719 679 0.25
719 719 0.75
720 680 0.25
720 720 0.75
721 681 0.25
721 721 0.75
722 682 0.25
722 722 0.75
723 683 0.25
723 723 0.75
724 684 0.25
724 724 0.75
725 685 0.25
725 725 0.75
726 686 0.25
726 726 0.75
727 687 0.25
727 727 0.75
728 688 0.25
728 728 0.75
729 689 0.25
729 729 0.75
730 690 0.25
730 730 0.75
731 691 0.25
731 731 0.75
732 692 0.25
732 732 0.75
733 693 0.25
733 733 0.75
734 694 0.25
734 734 0.75
735 695 0.25
735 735 0.75
736 696 0.25
736 736 0.75
737 697 0.25
737 737 0.75
738 698 0.25
738 738 0.75
739 699 0.25
739 739 0.75
740 700 0.25
740 740 0.75
741 701 0.25
741 741 0.75
742 702 0.25
742 742 0.75
743 703 0.25
743 743 0.75
744 704 0.25
744 744 0.75
745 705 0.25
745 745 0.75
746 706 0.25
746 746 0.75
747 707 0.25
747 747 0.75
748 708 0.25
748 748 0.75
749 709 0.25
749 749 0.75
750 710 0.25
750 750 0.75
751 711 0.25
751 751 0.75
752 712 0.25
752 752 0.75
753 713 0.25
753 753 0.75
754 714 0.25
754 754 0.75
755 715 0.25
755 755 0.75
756 716 0.25
756 756 0.75
757 717 0.25
757 757 0.75
758 718 0.25
758 758 0.75
759 719 0.25
759 759 0.75
760 720 0.25
760 760 0.75
761 721 0.25
761 761 0.75
762 722 0.25
762 762 0.75
763 723 0.25
763 763 0.75
764 724 0.25
764 764 0.75
765 725 0.25
765 765 0.75
766 726 0.25
766 766 0.75
767 727 0.25
767 767 0.75
768 728 0.25
768 768 0.75
769 729 0.25
769 769 0.75
770 730 0.25
770 770 0.75
771 731 0.25
771 771 0.75
772 732 0.25
772 772 0.75
773 733 0.25
773 773 0.75
774 734 0.25
774 774 0.75
775 735 0.25
775 775 0.75
776 736 0.25
776 776 0.75
777 737 0.25
777 777 0.75
778 738 0.25
778 778 0.75
779 739 0.25
779 779 0.75
780 740 0.25
780 780 0.75
781 741 0.25
781 781 0.75
782 742 0.25
782 782 0.75
783 743 0.25
783 783 0.75
784 744 0.25
784 784 0.75
785 745 0.25
785 785 0.75
786 746 0.25
786 786 0.75
787 747 0.25
787 787 0.75
788 748 0.25
788 788 0.75
789 749 0.25
789 789 0.75
790 750 0.25
790 790 0.75
791 751 0.25
791 791 0.75
792 752 0.25
792 792 0.75
793 753 0.25
793 793 0.75
794 754 0.25
794 794 0.75
795 755 0.25
795 795 0.75
796 756 0.25
796 796 0.75
797 757 0.25
797 797 0.75
798 758 0.25
798 798 0.75
799 759 0.25
799 799 0.75
800 760 0.25
800 800 0.75
801 761 0.25
801 801 0.75
802 762 0.25
802 802 0.75
803 763 0.25
803 803 0.75
804 764 0.25
804 804 0.75
805 765 0.25
805 805 0.75
806 766 0.25
806 806 0.75
807 767 0.25
807 807 0.75
808 768 0.25
808 808 0.75
809 769 0.25
809 809 0.75
810 770 0.25
810 810 0.75
811 771 0.25
811 811 0.75
812 772 0.25
812 812 0.75
813 773 0.25
813 813 0.75
814 774 0.25
814 814 0.75
815 775 0.25
815 815 0.75
816 776 0.25
816 816 0.75
817 777 0.25
817 817 0.75
818 778 0.25
818 818 0.75
819 779 0.25
819 819 0.75
820 780 0.25
820 820 0.75
821 781 0.25
821 821 0.75
822 782 0.25
822 822 0.75
823 783 0.25
823 823 0.75
824 784 0.25
824 824 0.75
825 785 0.25
825 825 0.75
826 786 0.25
826 826 0.75
827 787 0.25
827 827 0.75
828 788 0.25
828 828 0.75
829 789 0.25
829 829 0.75
830 790 0.25
830 830 0.75
831 791 0.25
831 831 0.75
832 792 0.25
832 832 0.75
833 793 0.25
833 833 0.75
834 794 0.25
834 834 0.75
835 795 0.25
835 835 0.75
836 796 0.25
836 836 0.75
837 797 0.25
837 837 0.75
838 798 0.25
838 838 0.75
839 799 0.25
839 839 0.75
840 800 0.25
840 840 0.75
841 801 0.25
841 841 0.75
842 802 0.25
842 842 0.75
843 803 0.25
843 843 0.75
844 804 0.25
844 844 0.75
845 805 0.25
845 845 0.75
846 806 0.25
846 846 0.75
847 807 0.25
847 847 0.75
848 808 0.25
848 848 0.75
849 809 0.25
849 849 0.75
850 810 0.25
850 850 0.75
851 811 0.25
851 851 0.75
852 812 0.25
852 852 0.75
853 813 0.25
853 853 0.75
854 814 0.25
854 854 0.75
855 815 0.25
855 855 0.75
856 816 0.25
856 856 0.75
857 817 0.25
857 857 0.75
858 818 0.25
858 858 0.75
859 819 0.25
859 859 0.75
860 820 0.25
860 860 0.75
861 821 0.25
861 861 0.75
862 822 0.25
862 862 0.75
863 823 0.25
863 863 0.75
864 824 0.25
864 864 0.75
865 825 0.25
865 865 0.75
866 826 0.25
866 866 0.75
867 827 0.25
867 867 0.75
868 828 0.25
868 868 0.75
869 829 0.25
869 869 0.75
870 830 0.25
870 870 0.75
871 831 0.25
871 871 0.75
872 832 0.25
872 872 0.75
873 833 0.25
873 873 0.75
874 834 0.25
874 874 0.75
875 835 0.25
875 875 0.75
876 836 0.25
876 876 0.75
877 837 0.25
877 877 0.75
878 838 0.25
878 878 0.75
879 839 0.25
879 879 0.75
880 840 0.25
880 880 0.75
881 841 0.25
881 881 0.75
882 842 0.25
882 882 0.75
883 843 0.25
883 883 0.75
884 844 0.25
884 884 0.75
885 845 0.25
885 885 0.75
886 846 0.25
886 886 0.75
887 847 0.25
887 887 0.75
888 848 0.25
888 888 0.75
889 849 0.25
889 889 0.75
890 850 0.25
890 890 0.75
891 851 0.25
891 891 0.75
892 852 0.25
892 892 0.75
893 853 0.25
893 893 0.75
894 854 0.25
894 894 0.75
895 855 0.25
895 895 0.75
896 856 0.25
896 896 0.75
897 857 0.25
897 897 0.75
898 858 0.25
898 898 0.75
899 859 0.25
899 899 0.75
900 860 0.25
900 900 0.75
901 861 0.25
901 901 0.75
902 862 0.25
902 902 0.75
903 863 0.25
903 903 0.75
904 864 0.25
904 904 0.75
905 865 0.25
905 905 0.75
906 866 0.25
906 906 0.75
907 867 0.25
907 907 0.75
908 868 0.25
908 908 0.75
909 869 0.25
909 909 0.75
910 870 0.25
910 910 0.75
911 871 0.25
911 911 0.75
912 872 0.25
912 912 0.75
913 873 0.25
913 913 0.75
914 874 0.25
914 914 0.75
915 875 0.25
915 915 0.75
916 876 0.25
916 916 0.75
917 877 0.25
917 917 0.75
918 878 0.25
918 918 0.75
919 879 0.25
919 919 0.75
920 880 0.25
920 920 0.75
921 881 0.25
921 921 0.75
922 882 0.25
922 922 0.75
923 883 0.25
923 923 0.75
924 884 0.25
924 924 0.75
925 885 0.25
925 925 0.75
926 886 0.25
926 926 0.75
927 887 0.25
927 927 0.75
928 888 0.25
928 928 0.75
929 889 0.25
929 929 0.75
930 890 0.25
930 930 0.75
931 891 0.25
931 931 0.75
932 892 0.25
932 932 0.75
933 893 0.25
933 933 0.75
934 894 0.25
934 934 0.75
935 895 0.25
935 935 0.75
936 896 0.25
936 936 0.75
937 897 0.25
937 937 0.75
938 898 0.25
938 938 0.75
939 899 0.25
939 939 0.75
940 900 0.25
940 940 0.75
941 901 0.25
941 941 0.75
942 902 0.25
942 942 0.75
943 903 0.25
943 943 0.75
944 904 0.25
944 944 0.75
945 905 0.25
945 945 0.75
946 906 0.25
946 946 0.75
947 907 0.25
947 947 0.75
948 908 0.25
948 948 0.75
949 909 0.25
949 949 0.75
950 910 0.25
950 950 0.75
951 911 0.25
951 951 0.75
952 912 0.25
952 952 0.75
953 913 0.25
953 953 0.75
954 914 0.25
954 954 0.75
955 915 0.25
955 955 0.75
956 916 0.25
956 956 0.75
957 917 0.25
957 957 0.75
958 918 0.25
958 958 0.75
959 919 0.25
959 959 0.75
960 920 0.25
960 960 0.75
961 921 0.25
961 961 0.75
962 922 0.25
962 962 0.75
963 923 0.25
963 963 0.75
964 924 0.25
964 964 0.75
965 925 0.25
965 965 0.75
966 926 0.25
966 966 0.75
967 927 0.25
967 967 0.75
968 928 0.25
968 968 0.75
969 929 0.25
969 969 0.75
970 930 0.25
970 970 0.75
971 931 0.25
971 971 0.75
972 932 0.25
972 972 0.75
973 933 0.25
973 973 0.75
974 934 0.25
974 974 0.75
975 935 0.25
975 975 0.75
976 936 0.25
976 976 0.75
977 937 0.25
977 977 0.75
978 938 0.25
978 978 0.75
979 939 0.25
979 979 0.75
980 940 0.25
980 980 0.75
981 941 0.25
981 981 0.75
982 942 0.25
982 982 0.75
983 943 0.25
983 983 0.75
984 944 0.25
984 984 0.75
985 945 0.25
985 985 0.75
986 946 0.25
986 986 0.75
987 947 0.25
987 987 0.75
988 948 0.25
988 988 0.75
989 949 0.25
989 989 0.75
990 950 0.25
990 990 0.75
991 951 0.25
991 991 0.75
992 952 0.25
992 992 0.75
993 953 0.25
993 993 0.75
994 954 0.25
994 994 0.75
995 955 0.25
995 995 0.75
996 956 0.25
996 996 0.75
997 957 0.25
997 997 0.75
998 958 0.25
998 998 0.75
999 959 0.25
999 999 0.75
1000 960 0.25
1000 1000 0.75
1001 961 0.25
1001 1001 0.75
1002 962 0.25
1002 1002 0.75
1003 963 0.25
1003 1003 0.75
1004 964 0.25
1004 1004 0.75
1005 965 0.25
1005 1005 0.75
1006 966 0.25
1006 1006 0.75
1007 967 0.25
1007 1007 0.75
1008 968 0.25
1008 1008 0.75
1009 969 0.25
1009 1009 0.75
1010 970 0.25
1010 1010 0.75
1011 971 0.25
1011 1011 0.75
1012 972 0.25
1012 1012 0.75
1013 973 0.25
1013 1013 0.75
1014 974 0.25
1014 1014 0.75
1015 975 0.25
1015 1015 0.75
1016 976 0.25
1016 1016 0.75
1017 977 0.25
1017 1017 0.75
1018 978 0.25
1018 1018 0.75
1019 979 0.25
1019 1019 0.75
1020 980 0.25
1020 1020 0.75
1021 981 0.25
1021 1021 0.75
1022 982 0.25
1022 1022 0.75
1023 983 0.25
1023 1023 0.75
1024 984 0.25
1024 1024 0.75
1025 985 0.25
1025 1025 0.75
1026 986 0.25
1026 1026 0.75
1027 987 0.25
1027 1027 0.75
1028 988 0.25
1028 1028 0.75
1029 989 0.25
1029 1029 0.75
1030 990 0.25
1030 1030 0.75
1031 991 0.25
1031 1031 0.75
1032 992 0.25
1032 1032 0.75
1033 993 0.25
1033 1033 0.75
1034 994 0.25
1034 1034 0.75
1035 995 0.25
1035 1035 0.75
1036 996 0.25
1036 1036 0.75
1037 997 0.25
1037 1037 0.75
1038 998 0.25
1038 1038 0.75
1039 999 0.25
1039 1039 0.75
1040 1000 0.25
1040 1040 0.75
1041 1001 0.25
1041 1041 0.75
1042 1002 0.25
1042 1042 0.75
1043 1003 0.25
1043 1043 0.75
1044 1004 0.25
1044 1044 0.75
1045 1005 0.25
1045 1045 0.75
1046 1006 0.25
1046 1046 0.75
1047 1007 0.25
1047 1047 0.75
1048 1008 0.25
1048 1048 0.75
1049 1009 0.25
1049 1049 0.75
1050 1010 0.25
1050 1050 0.75
1051 1011 0.25
1051 1051 0.75
1052 1012 0.25
1052 1052 0.75
1053 1013 0.25
1053 1053 0.75
1054 1014 0.25
1054 1054 0.75
1055 1015 0.25
1055 1055 0.75
1056 1016 0.25
1056 1056 0.75
1057 1017 0.25
1057 1057 0.75
1058 1018 0.25
1058 1058 0.75
1059 1019 0.25
1059 1059 0.75
1060 1020 0.25
1060 1060 0.75
1061 1021 0.25
1061 1061 0.75
1062 1022 0.25
1062 1062 0.75
1063 1023 0.25
1063 1063 0.75
1064 1024 0.25
1064 1064 0.75
1065 1025 0.25
1065 1065 0.75
1066 1026 0.25
1066 1066 0.75
1067 1027 0.25
1067 1067 0.75
1068 1028 0.25
1068 1068 0.75
1069 1029 0.25
1069 1069 0.75
1070 1030 0.25
1070 1070 0.75
1071 1031 0.25
1071 1071 0.75
1072 1032 0.25
1072 1072 0.75
1073 1033 0.25
1073 1073 0.75
1074 1034 0.25
1074 1074 0.75
1075 1035 0.25
1075 1075 0.75
1076 1036 0.25
1076 1076 0.75
1077 1037 0.25
1077 1077 0.75
1078 1038 0.25
1078 1078 0.75
1079 1039 0.25
1079 1079 0.75
1080 1040 0.25
1080 1080 0.75
1081 1041 0.25
1081 1081 0.75
1082 1042 0.25
1082 1082 0.75
1083 1043 0.25
1083 1083 0.75
1084 1044 0.25
1084 1084 0.75
1085 1045 0.25
1085 1085 0.75
1086 1046 0.25
1086 1086 0.75
1087 1047 0.25
1087 1087 0.75
1088 1048 0.25
1088 1088 0.75
1089 1049 0.25
1089 1089 0.75
1090 1050 0.25
1090 1090 0.75
1091 1051 0.25
1091 1091 0.75
1092 1052 0.25
1092 1092 0.75
1093 1053 0.25
1093 1093 0.75
1094 1054 0.25
1094 1094 0.75
1095 1055 0.25
1095 1095 0.75
1096 1056 0.25
1096 1096 0.75
1097 1057 0.25
1097 1097 0.75
1098 1058 0.25
1098 1098 0.75
1099 1059 0.25
1099 1099 0.75
1100 1060 0.25
1100 1100 0.75
1101 1061 0.25
1101 1101 0.75
1102 1062 0.25
1102 1102 0.75
1103 1063 0.25
1103 1103 0.75
1104 1064 0.25
1104 1104 0.75
1105 1065 0.25
1105 1105 0.75
1106 1066 0.25
1106 1106 0.75
1107 1067 0.25
1107 1107 0.75
1108 1068 0.25
1108 1108 0.75
1109 1069 0.25
1109 1109 0.75
1110 1070 0.25
1110 1110 0.75
1111 1071 0.25
1111 1111 0.75
1112 1072 0.25
1112 1112 0.75
1113 1073 0.25
1113 1113 0.75
1114 1074 0.25
1114 1114 0.75
1115 1075 0.25
1115 1115 0.75
1116 1076 0.25
1116 1116 0.75
1117 1077 0.25
1117 1117 0.75
1118 1078 0.25
1118 1118 0.75
1119 1079 0.25
1119 1119 0.75
1120 1080 0.25
1120 1120 0.75
1121 1081 0.25
1121 1121 0.75
1122 1082 0.25
1122 1122 0.75
1123 1083 0.25
1123 1123 0.75
1124 1084 0.25
1124 1124 0.75
1125 1085 0.25
1125 1125 0.75
1126 1086 0.25
1126 1126 0.75
1127 1087 0.25
1127 1127 0.75
1128 1088 0.25
1128 1128 0.75
1129 1089 0.25
1129 1129 0.75
1130 1090 0.25
1130 1130 0.75
1131 1091 0.25
1131 1131 0.75
1132 1092 0.25
1132 1132 0.75
1133 1093 0.25
1133 1133 0.75
1134 1094 0.25
1134 1134 0.75
1135 1095 0.25
1135 1135 0.75
1136 1096 0.25
1136 1136 0.75
1137 1097 0.25
1137 1137 0.75
1138 1098 0.25
1138 1138 0.75
1139 1099 0.25
1139 1139 0.75
1140 1100 0.25
1140 1140 0.75
1141 1101 0.25
1141 1141 0.75
1142 1102 0.25
1142 1142 0.75
1143 1103 0.25
1143 1143 0.75
1144 1104 0.25
1144 1144 0.75
1145 1105 0.25
1145 1145 0.75
1146 1106 0.25
1146 1146 0.75
1147 1107 0.25
1147 1147 0.75
1148 1108 0.25
1148 1148 0.75
1149 1109 0.25
1149 1149 0.75
1150 1110 0.25
1150 1150 0.75
1151 1111 0.25
1151 1151 0.75
1152 1112 0.25
1152 1152 0.75
1153 1113 0.25
1153 1153 0.75
1154 1114 0.25
1154 1154 0.75
1155 1115 0.25
1155 1155 0.75
1156 1116 0.25
1156 1156 0.75
1157 1117 0.25
1157 1157 0.75
1158 1118 0.25
1158 1158 0.75
1159 1119 0.25
1159 1159 0.75
1160 1120 0.25
1160 1160 0.75
1161 1121 0.25
1161 1161 0.75
1162 1122 0.25
1162 1162 0.75
1163 1123 0.25
1163 1163 0.75
1164 1124 0.25
1164 1164 0.75
1165 1125 0.25
1165 1165 0.75
1166 1126 0.25
1166 1166 0.75
1167 1127 0.25
1167 1167 0.75
1168 1128 0.25
1168 1168 0.75
1169 1129 0.25
1169 1169 0.75
1170 1130 0.25
1170 1170 0.75
1171 1131 0.25
1171 1171 0.75
1172 1132 0.25
1172 1172 0.75
1173 1133 0.25
1173 1173 0.75
1174 1134 0.25
1174 1174 0.75
1175 1135 0.25
1175 1175 0.75
1176 1136 0.25
1176 1176 0.75
1177 1137 0.25
1177 1177 0.75
1178 1138 0.25
1178 1178 0.75
1179 1139 0.25
1179 1179 0.75
1180 1140 0.25
1180 1180 0.75
1181 1141 0.25
1181 1181 0.75
1182 1142 0.25
1182 1182 0.75
1183 1143 0.25
1183 1183 0.75
1184 1144 0.25
1184 1184 0.75
1185 1145 0.25
1185 1185 0.75
1186 1146 0.25
1186 1186 0.75
1187 1147 0.25
1187 1187 0.75
1188 1148 0.25
1188 1188 0.75
1189 1149 0.25
1189 1189 0.75
1190 1150 0.25
1190 1190 0.75
1191 1151 0.25
1191 1191 0.75
1192 1152 0.25
1192 1192 0.75
1193 1153 0.25
1193 1193 0.75
1194 1154 0.25
1194 1194 0.75
1195 1155 0.25
1195 1195 0.75
1196 1156 0.25
1196 1196 0.75
1197 1157 0.25
1197 1197 0.75
1198 1158 0.25
1198 1198 0.75
1199 1159 0.25
1199 1199 0.75
1200 1160 0.25
1200 1200 0.75
1201 1161 0.25
1201 1201 0.75
1202 1162 0.25
1202 1202 0.75
1203 1163 0.25
1203 1203 0.75
1204 1164 0.25
1204 1204 0.75
1205 1165 0.25
1205 1205 0.75
1206 1166 0.25
1206 1206 0.75
1207 1167 0.25
1207 1207 0.75
1208 1168 0.25
1208 1208 0.75
1209 1169 0.25
1209 1209 0.75
1210 1170 0.25
1210 1210 0.75
1211 1171 0.25
1211 1211 0.75
1212 1172 0.25
1212 1212 0.75
1213 1173 0.25
1213 1213 0.75
1214 1174 0.25
1214 1214 0.75
1215 1175 0.25
1215 1215 0.75
1216 1176 0.25
1216 1216 0.75
1217 1177 0.25
1217 1217 0.75
1218 1178 0.25
1218 1218 0.75
1219 1179 0.25
1219 1219 0.75
1220 1180 0.25
1220 1220 0.75
1221 1181 0.25
1221 1221 0.75
1222 1182 0.25
1222 1222 0.75
1223 1183 0.25
1223 1223 0.75
1224 1184 0.25
1224 1224 0.75
1225 1185 0.25
1225 1225 0.75
1226 1186 0.25
1226 1226 0.75
1227 1187 0.25
1227 1227 0.75
1228 1188 0.25
1228 1228 0.75
1229 1189 0.25
1229 1229 0.75
1230 1190 0.25
1230 1230 0.75
1231 1191 0.25
1231 1231 0.75
1232 1192 0.25
1232 1232 0.75
1233 1193 0.25
1233 1233 0.75
1234 1194 0.25
1234 1234 0.75
1235 1195 0.25
1235 1235 0.75
1236 1196 0.25
1236 1236 0.75
1237 1197 0.25
1237 1237 0.75
1238 1198 0.25
1238 1238 0.75
1239 1199 0.25
1239 1239 0.75
1240 1200 0.25
1240 1240 0.75
1241 1201 0.25
1241 1241 0.75
1242 1202 0.25
1242 1242 0.75
1243 1203 0.25
1243 1243 0.75
1244 1204 0.25
1244 1244 0.75
1245 1205 0.25
1245 1245 0.75
1246 1206 0.25
1246 1246 0.75
1247 1207 0.25
1247 1247 0.75
1248 1208 0.25
1248 1248 0.75
1249 1209 0.25
1249 1249 0.75
1250 1210 0.25
1250 1250 0.75
1251 1211 0.25
1251 1251 0.75
1252 1212 0.25
1252 1252 0.75
1253 1213 0.25
1253 1253 0.75
1254 1214 0.25
1254 1254 0.75
1255 1215 0.25
1255 1255 0.75
1256 1216 0.25
1256 1256 0.75
1257 1217 0.25
1257 1257 0.75
1258 1218 0.25
1258 1258 0.75
1259 1219 0.25
1259 1259 0.75
1260 1220 0.25
1260 1260 0.75
1261 1221 0.25
1261 1261 0.75
1262 1222 0.25
1262 1262 0.75
1263 1223 0.25
1263 1263 0.75
1264 1224 0.25
1264 1264 0.75
1265 1225 0.25
1265 1265 0.75
1266 1226 0.25
1266 1266 0.75
1267 1227 0.25
1267 1267 0.75
1268 1228 0.25
1268 1268 0.75
1269 1229 0.25
1269 1269 0.75
1270 1230 0.25
1270 1270 0.75
1271 1231 0.25
1271 1271 0.75
1272 1232 0.25
1272 1272 0.75
1273 1233 0.25
1273 1273 0.75
1274 1234 0.25
1274 1274 0.75
1275 1235 0.25
1275 1275 0.75
1276 1236 0.25
1276 1276 0.75
1277 1237 0.25
1277 1277 0.75
1278 1238 0.25
1278 1278 0.75
1279 1239 0.25
1279 1279 0.75
1280 1240 0.25
1280 1280 0.75
1281 1241 0.25
1281 1281 0.75
1282 1242 0.25
1282 1282 0.75
1283 1243 0.25
1283 1283 0.75
1284 1244 0.25
1284 1284 0.75
1285 1245 0.25
1285 1285 0.75
1286 1246 0.25
1286 1286 0.75
1287 1247 0.25
1287 1287 0.75
1288 1248 0.25
1288 1288 0.75
1289 1249 0.25
1289 1289 0.75
1290 1250 0.25
1290 1290 0.75
1291 1251 0.25
1291 1291 0.75
1292 1252 0.25
1292 1292 0.75
1293 1253 0.25
1293 1293 0.75
1294 1254 0.25
1294 1294 0.75
1295 1255 0.25
1295 1295 0.75
1296 1256 0.25
1296 1296 0.75
1297 1257 0.25
1297 1297 0.75
1298 1258 0.25
1298 1298 0.75
1299 1259 0.25
1299 1299 0.75
1300 1260 0.25
1300 1300 0.75
1301 1261 0.25
1301 1301 0.75
1302 1262 0.25
1302 1302 0.75
1303 1263 0.25
1303 1303 0.75
1304 1264 0.25
1304 1304 0.75
1305 1265 0.25
1305 1305 0.75
1306 1266 0.25
1306 1306 0.75
1307 1267 0.25
1307 1307 0.75
1308 1268 0.25
1308 1308 0.75
1309 1269 0.25
1309 1309 0.75
1310 1270 0.25
1310 1310 0.75
1311 1271 0.25
1311 1311 0.75
1312 1272 0.25
1312 1312 0.75
1313 1273 0.25
1313 1313 0.75
1314 1274 0.25
1314 1314 0.75
1315 1275 0.25
1315 1315 0.75
1316 1276 0.25
1316 1316 0.75
1317 1277 0.25
1317 1317 0.75
1318 1278 0.25
1318 1318 0.75
1319 1279 0.25
1319 1319 0.75
1320 1280 0.25
1320 1320 0.75
1321 1281 0.25
1321 1321 0.75
1322 1282 0.25
1322 1322 0.75
1323 1283 0.25
1323 1323 0.75
1324 1284 0.25
1324 1324 0.75
1325 1285 0.25
1325 1325 0.75
1326 1286 0.25
1326 1326 0.75
1327 1287 0.25
1327 1327 0.75
1328 1288 0.25
1328 1328 0.75
1329 1289 0.25
1329 1329 0.75
1330 1290 0.25
1330 1330 0.75
1331 1291 0.25
1331 1331 0.75
1332 1292 0.25
1332 1332 0.75
1333 1293 0.25
1333 1333 0.75
1334 1294 0.25
1334 1334 0.75
1335 1295 0.25
1335 1335 0.75
1336 1296 0.25
1336 1336 0.75
1337 1297 0.25
1337 1337 0.75
1338 1298 0.25
1338 1338 0.75
1339 1299 0.25
1339 1339 0.75
1340 1300 0.25
1340 1340 0.75
1341 1301 0.25
1341 1341 0.75
1342 1302 0.25
1342 1342 0.75
1343 1303 0.25
1343 1343 0.75
1344 1304 0.25
1344 1344 0.75
1345 1305 0.25
1345 1345 0.75
1346 1306 0.25
1346 1346 0.75
1347 1307 0.25
1347 1347 0.75
1348 1308 0.25
1348 1348 0.75
1349 1309 0.25
1349 1349 0.75
1350 1310 0.25
1350 1350 0.75
1351 1311 0.25
1351 1351 0.75
1352 1312 0.25
1352 1352 0.75
1353 1313 0.25
1353 1353 0.75
1354 1314 0.25
1354 1354 0.75
1355 1315 0.25
1355 1355 0.75
1356 1316 0.25
1356 1356 0.75
1357 1317 0.25
1357 1357 0.75
1358 1318 0.25
1358 1358 0.75
1359 1319 0.25
1359 1359 0.75
1360 1320 0.25
1360 1360 0.75
1361 1321 0.25
1361 1361 0.75
1362 1322 0.25
1362 1362 0.75
1363 1323 0.25
1363 1363 0.75
1364 1324 0.25
1364 1364 0.75
1365 1325 0.25
1365 1365 0.75
1366 1326 0.25
1366 1366 0.75
1367 1327 0.25
1367 1367 0.75
1368 1328 0.25
1368 1368 0.75
1369 1329 0.25
1369 1369 0.75
1370 1330 0.25
1370 1370 0.75
1371 1331 0.25
1371 1371 0.75
1372 1332 0.25
1372 1372 0.75
1373 1333 0.25
1373 1373 0.75
1374 1334 0.25
1374 1374 0.75
1375 1335 0.25
1375 1375 0.75
1376 1336 0.25
1376 1376 0.75
1377 1337 0.25
1377 1377 0.75
1378 1338 0.25
1378 1378 0.75
1379 1339 0.25
1379 1379 0.75
1380 1340 0.25
1380 1380 0.75
1381 1341 0.25
1381 1381 0.75
1382 1342 0.25
1382 1382 0.75
1383 1343 0.25
1383 1383 0.75
1384 1344 0.25
1384 1384 0.75
1385 1345 0.25
1385 1385 0.75
1386 1346 0.25
1386 1386 0.75
1387 1347 0.25
1387 1387 0.75
1388 1348 0.25
1388 1388 0.75
1389 1349 0.25
1389 1389 0.75
1390 1350 0.25
1390 1390 0.75
1391 1351 0.25
1391 1391 0.75
1392 1352 0.25
1392 1392 0.75
1393 1353 0.25
1393 1393 0.75
1394 1354 0.25
1394 1394 0.75
1395 1355 0.25
1395 1395 0.75
1396 1356 0.25
1396 1396 0.75
1397 1357 0.25
1397 1397 0.75
1398 1358 0.25
1398 1398 0.75
1399 1359 0.25
1399 1399 0.75
1400 1360 0.25
1400 1400 0.75
1401 1361 0.25
1401 1401 0.75
1402 1362 0.25
1402 1402 0.75
1403 1363 0.25
1403 1403 0.75
1404 1364 0.25
1404 1404 0.75
1405 1365 0.25
1405 1405 0.75
1406 1366 0.25
1406 1406 0.75
1407 1367 0.25
1407 1407 0.75
1408 1368 0.25
1408 1408 0.75
1409 1369 0.25
1409 1409 0.75
1410 1370 0.25
1410 1410 0.75
1411 1371 0.25
1411 1411 0.75
1412 1372 0.25
1412 1412 0.75
1413 1373 0.25
1413 1413 0.75
1414 1374 0.25
1414 1414 0.75
1415 1375 0.25
1415 1415 0.75
1416 1376 0.25
1416 1416 0.75
1417 1377 0.25
1417 1417 0.75
1418 1378 0.25
1418 1418 0.75
1419 1379 0.25
1419 1419 0.75
1420 1380 0.25
1420 1420 0.75
1421 1381 0.25
1421 1421 0.75
1422 1382 0.25
1422 1422 0.75
1423 1383 0.25
1423 1423 0.75
1424 1384 0.25
1424 1424 0.75
1425 1385 0.25
1425 1425 0.75
1426 1386 0.25
1426 1426 0.75
1427 1387 0.25
1427 1427 0.75
1428 1388 0.25
1428 1428 0.75
1429 1389 0.25
1429 1429 0.75
1430 1390 0.25
1430 1430 0.75
1431 1391 0.25
1431 1431 0.75
1432 1392 0.25
1432 1432 0.75
1433 1393 0.25
1433 1433 0.75
1434 1394 0.25
1434 1434 0.75
1435 1395 0.25
1435 1435 0.75
1436 1396 0.25
1436 1436 0.75
1437 1397 0.25
1437 1437 0.75
1438 1398 0.25
1438 1438 0.75
1439 1399 0.25
1439 1439 0.75
1440 1400 0.25
1440 1440 0.75
1441 1401 0.25
1441 1441 0.75
1442 1402 0.25
1442 1442 0.75
1443 1403 0.25
1443 1443 0.75
1444 1404 0.25
1444 1444 0.75
1445 1405 0.25
1445 1445 0.75
1446 1406 0.25
1446 1446 0.75
1447 1407 0.25
1447 1447 0.75
1448 1408 0.25
1448 1448 0.75
1449 1409 0.25
1449 1449 0.75
1450 1410 0.25
1450 1450 0.75
1451 1411 0.25
1451 1451 0.75
1452 1412 0.25
1452 1452 0.75
1453 1413 0.25
1453 1453 0.75
1454 1414 0.25
1454 1454 0.75
1455 1415 0.25
1455 1455 0.75
1456 1416 0.25
1456 1456 0.75
1457 1417 0.25
1457 1457 0.75
1458 1418 0.25
1458 1458 0.75
1459 1419 0.25
1459 1459 0.75
1460 1420 0.25
1460 1460 0.75
1461 1421 0.25
1461 1461 0.75
1462 1422 0.25
1462 1462 0.75
1463 1423 0.25
1463 1463 0.75
1464 1424 0.25
1464 1464 0.75
1465 1425 0.25
1465 1465 0.75
1466 1426 0.25
1466 1466 0.75
1467 1427 0.25
1467 1467 0.75
1468 1428 0.25
1468 1468 0.75
1469 1429 0.25
1469 1469 0.75
1470 1430 0.25
1470 1470 0.75
1471 1431 0.25
1471 1471 0.75
1472 1432 0.25
1472 1472 0.75
1473 1433 0.25
1473 1473 0.75
1474 1434 0.25
1474 1474 0.75
1475 1435 0.25
1475 1475 0.75
1476 1436 0.25
1476 1476 0.75
1477 1437 0.25
1477 1477 0.75
1478 1438 0.25
1478 1478 0.75
1479 1439 0.25
1479 1479 0.75
1480 1440 0.25
1480 1480 0.75
1481 1441 0.25
1481 1481 0.75
1482 1442 0.25
1482 1482 0.75
1483 1443 0.25
1483 1483 0.75
1484 1444 0.25
1484 1484 0.75
1485 1445 0.25
1485 1485 0.75
1486 1446 0.25
1486 1486 0.75
1487 1447 0.25
1487 1487 0.75
1488 1448 0.25
1488 1488 0.75
1489 1449 0.25
1489 1489 0.75
1490 1450 0.25
1490 1490 0.75
1491 1451 0.25
1491 1491 0.75
1492 1452 0.25
1492 1492 0.75
1493 1453 0.25
1493 1493 0.75
1494 1454 0.25
1494 1494 0.75
1495 1455 0.25
1495 1495 0.75
1496 1456 0.25
1496 1496 0.75
1497 1457 0.25
1497 1497 0.75
1498 1458 0.25
1498 1498 0.75
1499 1459 0.25
1499 1499 0.75
1500 1460 0.25
1500 1500 0.75
1501 1461 0.25
1501 1501 0.75
1502 1462 0.25
1502 1502 0.75
1503 1463 0.25
1503 1503 0.75
1504 1464 0.25
1504 1504 0.75
1505 1465 0.25
1505 1505 0.75
1506 1466 0.25
1506 1506 0.75
1507 1467 0.25
1507 1507 0.75
1508 1468 0.25
1508 1508 0.75
1509 1469 0.25
1509 1509 0.75
1510 1470 0.25
1510 1510 0.75
1511 1471 0.25
1511 1511 0.75
1512 1472 0.25
1512 1512 0.75
1513 1473 0.25
1513 1513 0.75
1514 1474 0.25
1514 1514 0.75
1515 1475 0.25
1515 1515 0.75
1516 1476 0.25
1516 1516 0.75
1517 1477 0.25
1517 1517 0.75
1518 1478 0.25
1518 1518 0.75
1519 1479 0.25
1519 1519 0.75
1520 1480 0.25
1520 1520 0.75
1521 1481 0.25
1521 1521 0.75
1522 1482 0.25
1522 1522 0.75
1523 1483 0.25
1523 1523 0.75
1524 1484 0.25
1524 1524 0.75
1525 1485 0.25
1525 1525 0.75
1526 1486 0.25
1526 1526 0.75
1527 1487 0.25
1527 1527 0.75
1528 1488 0.25
1528 1528 0.75
1529 1489 0.25
1529 1529 0.75
1530 1490 0.25
1530 1530 0.75
1531 1491 0.25
1531 1531 0.75
1532 1492 0.25
1532 1532 0.75
1533 1493 0.25
1533 1533 0.75
1534 1494 0.25
1534 1534 0.75
1535 1495 0.25
1535 1535 0.75
1536 1496 0.25
1536 1536 0.75
1537 1497 0.25
1537 1537 0.75
1538 1498 0.25
1538 1538 0.75
1539 1499 0.25
1539 1539 0.75
1540 1500 0.25
1540 1540 0.75
1541 1501 0.25
1541 1541 0.75
1542 1502 0.25
1542 1542 0.75
1543 1503 0.25
1543 1543 0.75
1544 1504 0.25
1544 1544 0.75
1545 1505 0.25
1545 1545 0.75
1546 1506 0.25
1546 1546 0.75
1547 1507 0.25
1547 1547 0.75
1548 1508 0.25
1548 1548 0.75
1549 1509 0.25
1549 1549 0.75
1550 1510 0.25
1550 1550 0.75
1551 1511 0.25
1551 1551 0.75
1552 1512 0.25
1552 1552 0.75
1553 1513 0.25
1553 1553 0.75
1554 1514 0.25
1554 1554 0.75
1555 1515 0.25
1555 1555 0.75
1556 1516 0.25
1556 1556 0.75
1557 1517 0.25
1557 1557 0.75
1558 1518 0.25
1558 1558 0.75
1559 1519 0.25
1559 1559 0.75
1560 1520 0.25
1560 1560 0.75
1561 1521 0.25
1561 1561 0.75
1562 1522 0.25
1562 1562 0.75
1563 1523 0.25
1563 1563 0.75
1564 1524 0.25
1564 1564 0.75
1565 1525 0.25
1565 1565 0.75
1566 1526 0.25
1566 1566 0.75
1567 1527 0.25
1567 1567 0.75
1568 1528 0.25
1568 1568 0.75
1569 1529 0.25
1569 1569 0.75
1570 1530 0.25
1570 1570 0.75
1571 1531 0.25
1571 1571 0.75
1572 1532 0.25
1572 1572 0.75
1573 1533 0.25
1573 1573 0.75
1574 1534 0.25
1574 1574 0.75
1575 1535 0.25
1575 1575 0.75
1576 1536 0.25
1576 1576 0.75
1577 1537 0.25
1577 1577 0.75
1578 1538 0.25
1578 1578 0.75
1579 1539 0.25
1579 1579 0.75
1580 1540 0.25
1580 1580 0.75
1581 1541 0.25
1581 1581 0.75
1582 1542 0.25
1582 1582 0.75
1583 1543 0.25
1583 1583 0.75
1584 1544 0.25
1584 1584 0.75
1585 1545 0.25
1585 1585 0.75
1586 1546 0.25
1586 1586 0.75
1587 1547 0.25
1587 1587 0.75
1588 1548 0.25
1588 1588 0.75
1589 1549 0.25
1589 1589 0.75
1590 1550 0.25
1590 1590 0.75
1591 1551 0.25
1591 1591 0.75
1592 1552 0.25
1592 1592 0.75
1593 1553 0.25
1593 1593 0.75
1594 1554 0.25
1594 1594 0.75
1595 1555 0.25
1595 1595 0.75
1596 1556 0.25
1596 1596 0.75
1597 1557 0.25
1597 1597 0.75
1598 1558 0.25
1598 1598 0.75
1599 1559 0.25
1599 1599 0.75
